------------------------ Initilising Fitness -------------------------
260,0
506,0
335,0
0,0
935,172
0,0
164,0
0,0
338,0
0,72
0,0
296,252
185,0
0,0
0,0
487,0
382,76
0,0
0,0
676,333
---------------------------- Generation 0 ----------------------------
0,366
286,0
733,0
261,0
206,0
183,0
0,858
0,0
598,0
750,2225
148,2345
193,187
1005,0
0,27
132,4175
0,555
202,0
0,691
---------------------------- Generation 1 ----------------------------
0,2016
0,4938
256,14
882,0
234,0
23,2292
477,985
0,0
720,0
341,765
314,0
0,394
519,0
0,2400
0,0
0,0
498,51
62,0
113,0
522,757
---------------------------- Generation 2 ----------------------------
138,827
94,3173
0,618
48,4223
0,0
0,0
0,0
932,0
813,0
1110,740
0,3499
0,1096
0,858
0,0
0,0
0,667
0,377
38,0
0,0
---------------------------- Generation 3 ----------------------------
116,0
926,0
338,0
133,0
159,0
0,0
87,753
65,382
0,340
112,3187
61,786
222,2931
314,0
227,0
158,0
0,0
---------------------------- Generation 4 ----------------------------
365,1469
0,0
0,561
286,0
69,3853
0,51
102,48
0,0
530,0
638,1018
0,1486
0,0
0,0
228,565
29,3961
0,0
0,1609
---------------------------- Generation 5 ----------------------------
0,0
152,226
0,0
161,3275
36,373
0,5171
530,0
0,3632
338,0
505,113
164,3431
104,0
0,3728
106,2283
0,2710
150,0
247,0
0,0
0,1346
---------------------------- Generation 6 ----------------------------
81,0
321,4183
191,849
117,3633
333,219
174,282
524,0
1805,807
27,0
348,209
0,0
0,1670
548,1161
0,877
0,2404
0,503
0,0
0,3423
408,577
664,757
---------------------------- Generation 7 ----------------------------
186,338
0,1541
415,0
78,0
383,0
270,0
0,0
643,1794
232,0
234,4018
0,4427
0,0
0,3157
100,869
125,0
0,334
0,3640
448,0
0,0
0,0
---------------------------- Generation 8 ----------------------------
33,3886
0,2079
0,384
258,0
284,0
1023,70
0,1237
0,502
0,0
0,1341
0,197
238,2808
164,0
216,4226
102,0
276,127
0,1239
197,0
---------------------------- Generation 9 ----------------------------
38,79
29,0
0,506
102,0
155,0
41,4008
0,0
0,0
225,3254
291,2419
217,0
928,0
0,1436
74,1647
0,1344
217,0
690,0
397,91
0,0
495,0
---------------------------- Generation 10 ----------------------------
66,0
0,0
213,2549
0,0
45,1756
0,0
310,0
0,0
1228,0
125,0
0,427
0,4434
0,0
0,3182
497,1247
135,3916
287,116
0,144
920,0
---------------------------- Generation 11 ----------------------------
394,0
133,1320
0,2467
15,0
186,0
565,1294
147,29
33,0
0,0
518,388
41,0
112,0
0,4470
108,0
0,0
221,1987
237,896
336,615
---------------------------- Generation 12 ----------------------------
0,0
0,0
816,632
706,2077
325,4514
0,0
0,0
0,261
152,515
0,0
445,1576
780,0
0,1112
0,1463
115,2496
0,4023
0,0
0,958
---------------------------- Generation 13 ----------------------------
488,0
284,2364
0,2530
145,0
686,220
563,1193
0,0
106,597
0,1088
199,258
0,1234
0,216
169,0
215,2024
40,2248
---------------------------- Generation 14 ----------------------------
0,494
0,1430
0,425
82,340
431,0
0,1415
81,1591
309,3803
93,1474
0,553
0,2551
185,2651
0,1448
0,2141
0,2046
0,3975
0,1227
14,0
0,726
---------------------------- Generation 15 ----------------------------
19,0
0,1349
643,511
105,530
0,1118
0,933
0,2573
326,1130
244,0
287,231
0,0
224,1256
229,98
0,1747
695,2536
547,1465
156,0
93,0
0,3936
0,4207
---------------------------- Generation 16 ----------------------------
101,439
626,0
0,0
0,716
0,1753
282,0
235,792
239,2890
677,0
0,2759
107,0
178,924
34,0
83,39
202,2504
0,3613
0,0
---------------------------- Generation 17 ----------------------------
137,1259
0,1906
101,2351
676,2204
0,3375
0,424
245,2454
1450,0
0,2863
0,0
0,0
254,1212
0,2389
0,0
90,1652
0,418
---------------------------- Generation 18 ----------------------------
0,1211
0,1243
0,420
684,207
337,1677
175,716
224,668
0,437
0,0
0,707
265,1438
69,320
0,406
521,160
256,2832
760,1191
160,285
360,3122
0,1342
0,2889
---------------------------- Generation 19 ----------------------------
0,1522
69,1146
0,2453
0,2766
0,767
148,2557
0,971
2514,973
495,680
334,227
0,144
0,1667
0,1298
161,394
151,172
0,2805
1108,1213
0,1911
---------------------------- Generation 20 ----------------------------
0,163
0,869
44,15
153,181
0,350
0,1330
147,624
159,3122
0,175
218,304
331,1410
0,2480
144,417
0,2232
211,503
0,308
159,151
---------------------------- Generation 21 ----------------------------
0,1936
0,144
83,1937
0,1026
0,869
0,2344
0,1249
0,2241
0,1786
38,400
0,1802
0,1280
145,202
0,1118
148,199
17,642
148,702
239,340
889,870
---------------------------- Generation 22 ----------------------------
0,2200
0,291
95,863
219,646
0,1070
0,655
87,867
55,744
0,2375
203,150
0,1170
0,482
0,2381
0,1748
173,1102
344,2019
0,1216
0,317
1277,628
555,2652
---------------------------- Generation 23 ----------------------------
0,1659
0,435
0,1008
0,478
0,1882
177,1158
0,473
115,3163
543,378
0,3877
105,219
0,2524
0,480
148,569
427,31
0,1405
0,768
639,3252
0,1287
---------------------------- Generation 24 ----------------------------
223,663
494,635
0,1300
264,385
0,147
0,2565
0,85
123,2461
415,328
151,787
0,519
1487,150
478,363
745,304
0,158
115,345
0,1150
113,259
200,814
---------------------------- Generation 25 ----------------------------
86,1521
586,846
24,567
177,74
0,471
0,1001
0,2752
186,593
128,2180
0,1550
0,1699
0,1826
992,1471
296,66
265,756
0,917
622,758
65,681
0,2362
---------------------------- Generation 26 ----------------------------
313,2235
0,3128
0,1380
0,2884
527,1724
0,1455
223,1347
234,1719
0,1749
0,2554
0,1118
263,2077
0,551
264,46
694,171
0,1881
0,682
---------------------------- Generation 27 ----------------------------
45,2605
160,1591
255,1106
163,2449
375,2624
555,547
45,145
110,194
117,1191
0,995
99,200
114,1558
0,163
117,1548
1079,1243
0,633
143,1587
---------------------------- Generation 28 ----------------------------
0,1622
0,1363
194,1172
438,1771
0,834
261,442
0,1622
137,1327
17,1621
196,0
407,435
171,307
0,2557
998,2656
0,116
0,153
33,2309
0,2438
---------------------------- Generation 29 ----------------------------
301,2150
120,1432
120,2881
58,762
858,118
66,493
278,2869
0,44
0,1273
0,373
0,38
96,2258
0,3485
1000,1885
0,919
701,3499
112,35
0,317
---------------------------- Generation 30 ----------------------------
1277,1171
516,4036
707,1455
73,337
154,1074
248,2183
0,275
0,1986
49,436
81,1495
0,2172
0,195
69,2099
0,1182
936,412
0,812
355,3210
0,3246
44,768
0,566
---------------------------- Generation 31 ----------------------------
239,1578
0,745
92,979
47,2045
73,1790
422,404
207,1935
198,3252
182,3375
0,1419
0,1199
0,3328
260,1277
0,397
212,2856
0,3289
0,1989
377,638
---------------------------- Generation 32 ----------------------------
0,1069
875,3030
124,4547
222,3836
375,3055
0,5299
1618,667
0,2600
0,1175
0,2295
0,86
0,1296
0,1794
265,4127
0,2874
0,482
394,765
157,71
0,1237
857,3304
---------------------------- Generation 33 ----------------------------
0,2911
381,3285
78,690
0,39
561,664
0,1568
0,2852
626,952
294,1297
285,600
488,4004
185,91
1489,262
30,1481
37,1490
256,3703
0,1962
487,2673
---------------------------- Generation 34 ----------------------------
511,2269
0,274
0,1761
151,666
0,1753
218,455
190,1685
286,539
94,2896
859,1116
314,4731
533,1329
35,1771
568,690
444,2163
0,2626
0,995
340,673
0,496
---------------------------- Generation 35 ----------------------------
153,2358
0,2754
468,1720
0,1699
32,131
0,1638
0,65
387,1247
0,295
0,2581
27,4751
0,1046
103,2551
95,1860
0,1126
0,781
714,581
0,3311
28,624
---------------------------- Generation 36 ----------------------------
323,174
278,402
401,2234
149,33
0,877
230,959
153,3020
0,4054
0,541
197,2582
0,1099
549,527
817,894
46,2263
69,338
1985,1061
332,262
0,138
199,653
---------------------------- Generation 37 ----------------------------
170,3144
242,162
109,802
0,4548
0,442
188,1488
0,2955
0,2001
661,911
90,705
345,2352
122,768
0,670
0,1165
0,610
0,784
1227,821
159,1784
---------------------------- Generation 38 ----------------------------
0,579
0,506
0,1731
0,797
0,2282
214,0
0,3927
964,30
0,1376
634,1301
0,3700
0,871
0,1865
12,2228
558,3627
0,56
48,234
0,957
0,1304
---------------------------- Generation 39 ----------------------------
0,1621
0,0
0,1756
0,4297
168,731
0,101
214,1983
481,549
113,360
143,1432
830,888
841,934
0,1396
0,1946
0,3553
91,3948
325,2137
84,118
744,572
---------------------------- Generation 40 ----------------------------
412,1523
0,673
178,4262
0,508
0,4882
0,246
0,2783
0,1619
27,533
0,4019
0,1187
0,228
850,2401
1278,245
0,4747
0,852
209,818
35,871
0,2118
---------------------------- Generation 41 ----------------------------
0,2099
44,488
0,221
393,1432
255,2742
102,1606
0,1727
32,1426
0,4518
482,0
224,206
142,359
0,488
193,719
0,2308
205,501
---------------------------- Generation 42 ----------------------------
463,3101
789,122
0,925
380,480
686,196
0,1466
0,810
119,1719
0,36
0,1426
0,754
51,1039
296,1209
0,1393
0,2468
42,1659
51,2858
0,482
0,3640
530,1996
---------------------------- Generation 43 ----------------------------
0,747
282,1873
0,804
0,1073
0,1258
62,1030
230,595
0,710
274,339
1930,832
0,1557
131,646
284,112
1112,2387
535,0
554,1547
506,212
0,1801
0,1808
0,2189
---------------------------- Generation 44 ----------------------------
385,494
836,1348
339,2081
278,2546
0,826
194,943
513,386
28,2354
0,2043
229,497
0,1385
387,1189
101,2253
551,42
653,285
44,3364
0,1668
0,3416
---------------------------- Generation 45 ----------------------------
0,3123
0,2723
164,226
0,1635
0,602
1418,1545
0,1145
175,1757
270,2768
434,616
27,1807
88,3148
486,2145
0,909
249,628
0,195
680,2586
356,2275
---------------------------- Generation 46 ----------------------------
0,1974
467,1118
1252,863
71,1404
60,2169
0,208
0,1647
0,463
189,2113
171,408
455,271
225,1863
99,1332
0,1280
932,3051
0,1118
0,417
0,0
37,2768
---------------------------- Generation 47 ----------------------------
94,1029
0,250
0,2500
0,2340
0,1492
0,430
152,554
462,2271
0,2677
0,34
0,0
83,2351
0,1314
0,1094
0,992
86,274
1043,183
158,717
0,447
76,2985
---------------------------- Generation 48 ----------------------------
0,1202
0,802
273,1077
1417,0
166,2984
0,392
278,319
593,1022
0,3623
0,798
70,1911
76,887
0,778
135,809
0,102
152,1176
342,1402
0,2746
363,935
---------------------------- Generation 49 ----------------------------
298,387
483,998
68,1654
0,1389
0,1972
436,156
0,537
0,671
0,846
636,36
0,48
0,3063
0,3938
0,219
0,415
0,148
321,511
